====================================
====================================
====================================
====================================
====================================
====================================
====================================
====================================
====================================
[10.673]
[10.84]
[10.92]
[11.15]
[11.53]
[11.87]
[12.3]
[12.53]
[13.38]
[13.66]
[25.0]
[25.0]
[45.0]
[45.0]
[45.95]
[46.15]
[46.625]
[46.75]
[47.0]
[47.5]
[48.0]
[48.0]
[48.8]
[48.8]
[48.875]
[49.0]
[49.01]
[49.01]
[49.04]
[49.075]
[49.089]
[49.164]
[49.164]
[49.164]
[49.172]
[49.5]
[49.623]
[49.875]
[50.0]
[50.0]
[50.0]
[50.0]
[50.0]
[50.0]
[50.5]
[50.5]
[50.5]
[50.75]
[50.94]
[50.94]
[50.952]
[51.0]
[51.25]
[51.45]
[51.48]
[51.505]
[51.541]
[51.652]
[52.0]
[52.0]
[52.0]
[52.0]
[52.0]
[52.0]
[52.1]
[52.125]
[52.29]
[52.5]
[52.648]
[52.7]
[52.75]
[52.9]
[53.0]
[53.0]
[53.0]
[53.0]
[53.0]
[53.05]
[53.115]
[53.75]
[53.832]
[54.25]
[54.25]
[54.5]
[55.0]
[55.0]
[55.0]
[55.0]
[55.0]
[55.0]
[55.0]
[55.1]
[55.145]
[55.2]
[55.258]
[55.3]
[55.5]
[55.5]
[55.85]
[56.0]
[56.0]
[56.5]
[56.531]
[56.736]
[56.959]
[57.0]
[57.0]
[57.0]
[57.0]
[57.0]
[57.0]
[57.0]
[57.0]
[57.02]
[57.5]
[57.5]
[57.5]
[57.5]
[57.65]
[57.652]
[57.749]
[57.973]
[58.0]
[58.04]
[58.108]
[58.108]
[58.181]
[58.222]
[58.294]
[58.412]
[58.412]
[58.549]
[58.799]
[58.975]
[59.0]
[59.0]
[59.0]
[59.005]
[59.005]
[59.035]
[59.305]
[59.5]
[59.71]
[59.719]
[59.93]
[59.938]
[60.0]
[60.0]
[60.0]
[60.0]
[60.0]
[60.123]
[60.5]
[60.54]
[60.75]
[60.797]
[60.862]
[61.0]
[61.0]
[61.0]
[61.0]
[61.0]
[61.019]
[61.4]
[61.455]
[61.5]
[61.5]
[61.52]
[61.547]
[62.0]
[62.0]
[62.0]
[62.0]
[62.0]
[62.0]
[62.0]
[62.0]
[62.409]
[62.48]
[62.5]
[62.5]
[62.546]
[63.972]
[64.0]
[64.0]
[64.0]
[64.0]
[64.0]
[64.0]
[65.4]
[65.545]
[66.6]
[68.483]
[68.5]
[68.5]
[68.5]
[68.513]
[68.533]
[68.55]
[69.5]
[73.5]
[73.5]
[73.5]
[73.503]
[135.25]
[135.25]
[135.66]
[143.82]
[143.82]
[143.82]
[143.9]
[143.9]
[143.9]
[143.97]
[143.97]
[143.97]
[144.14]
[144.14]
[144.14]
[144.4]
[144.4]
[144.4]
[144.71]
[144.71]
[144.75]
[144.75]
[144.75]
[144.75]
[146.0]
[146.0]
[146.0]
[146.48]
[146.48]
[146.48]
[146.48]
[146.52]
[146.52]
[146.52]
[146.57]
[146.57]
[146.57]
[147.0]
[147.0]
[147.0]
[148.29]
[148.29]
[148.29]
[148.8]
[148.8]
[148.8]
[148.8]
[148.8]
[148.87]
[148.87]
[148.87]
[149.2]
[149.2]
[149.67]
[149.67]
[149.67]
[150.67]
[150.67]
[152.0]
[152.0]
[152.0]
[152.0]
[153.28]
[153.28]
[153.37]
[153.37]
[153.64]
[153.64]
[154.96]
[154.96]
[155.0]
[155.0]
[155.08]
[155.08]
[156.4]
[156.4]
[157.22]
[157.22]
[157.45]
[157.45]
[157.45]
[157.54]
[157.54]
[157.54]
[157.54]
[158.05]
[158.05]
[158.05]
[158.2]
[158.2]
[158.3]
[158.3]
[158.3]
[158.3]
[158.4]
[158.4]
[158.77]
[158.77]
[158.9]
[158.9]
[158.9]
[159.17]
[159.33]
[159.33]
[160.0]
[160.0]
[161.33]
[161.33]
[161.33]
[161.8]
[161.8]
[161.8]
[161.84]
[161.84]
[161.88]
[161.88]
[161.88]
[162.86]
[163.14]
[163.14]
[163.2]
[163.2]
[163.2]
[163.2]
[163.2]
[163.46]
[163.46]
[163.46]
[167.75]
[167.75]
[170.5]
[170.5]
[172.37]
[178.5]
[178.5]
[181.02]
[181.02]
[181.37]
[181.37]
[181.5]
[181.5]
[181.5]
[181.5]
[181.5]
[182.55]
[182.55]
[184.0]
[184.0]
[189.86]
[189.86]
[189.86]
[200.45]
[200.45]
[223.68]
[223.68]
[224.7]
[224.7]
[224.7]
[224.7]
[224.7]
====================================
[10.673]
[10.84]
[10.92]
[11.1]
[11.15]
[11.53]
[11.87]
[12.3]
[12.53]
[13.38]
[13.66]
[25.0]
[25.0]
[44.0]
[45.0]
[45.0]
[45.95]
[46.15]
[46.625]
[46.75]
[47.0]
[47.5]
[48.0]
[48.0]
[48.8]
[48.8]
[48.875]
[49.0]
[49.01]
[49.01]
[49.04]
[49.089]
[49.164]
[49.164]
[49.164]
[49.172]
[49.2]
[49.5]
[49.875]
[50.0]
[50.0]
[50.0]
[50.0]
[50.0]
[50.5]
[50.5]
[50.5]
[50.75]
[50.94]
[50.94]
[50.952]
[51.0]
[51.25]
[51.45]
[51.48]
[51.505]
[51.541]
[51.652]
[52.0]
[52.0]
[52.0]
[52.0]
[52.0]
[52.1]
[52.29]
[52.648]
[52.7]
[52.75]
[52.9]
[53.0]
[53.0]
[53.0]
[53.0]
[53.0]
[53.05]
[53.115]
[53.75]
[53.832]
[54.25]
[54.25]
[55.0]
[55.0]
[55.0]
[55.0]
[55.0]
[55.0]
[55.0]
[55.1]
[55.145]
[55.2]
[55.258]
[55.3]
[55.5]
[55.5]
[55.85]
[56.0]
[56.0]
[56.5]
[56.531]
[56.736]
[57.0]
[57.0]
[57.0]
[57.0]
[57.0]
[57.02]
[57.5]
[57.5]
[57.5]
[57.5]
[57.65]
[57.652]
[57.749]
[57.973]
[58.0]
[58.549]
[58.827]
[58.943]
[58.975]
[59.0]
[59.0]
[59.0]
[59.0]
[59.005]
[59.021]
[59.035]
[59.266]
[59.305]
[59.5]
[60.123]
[60.5]
[60.54]
[60.704]
[60.75]
[60.797]
[61.455]
[61.5]
[61.5]
[61.5]
[61.52]
[61.547]
[62.409]
[62.48]
[62.5]
[62.5]
[62.546]
[65.4]
[65.53]
[65.545]
[65.6]
[66.5]
[66.5]
[66.5]
[66.5]
[66.5]
[66.6]
[68.483]
[68.5]
[68.5]
[68.5]
[68.5]
[68.533]
[68.55]
[69.498]
[69.5]
[73.5]
[73.5]
[73.5]
[73.503]
[135.05]
[135.25]
[135.25]
[135.71]
[135.71]
[135.71]
[143.82]
[143.82]
[143.82]
[143.9]
[143.9]
[143.9]
[143.9]
[143.97]
[143.97]
[143.97]
[143.97]
[144.4]
[144.4]
[144.4]
[144.4]
[144.71]
[144.71]
[144.71]
[144.75]
[144.75]
[144.75]
[144.75]
[146.0]
[146.0]
[146.0]
[146.48]
[146.48]
[146.48]
[146.52]
[146.52]
[146.52]
[146.52]
[146.57]
[146.57]
[146.57]
[146.57]
[147.0]
[147.0]
[147.0]
[147.0]
[148.29]
[148.29]
[148.29]
[148.29]
[148.8]
[148.8]
[148.8]
[148.8]
[148.8]
[148.8]
[148.87]
[148.87]
[148.87]
[149.2]
[149.2]
[149.67]
[149.67]
[149.67]
[150.67]
[150.67]
[153.28]
[153.28]
[153.28]
[153.37]
[153.37]
[153.37]
[153.64]
[153.64]
[153.64]
[154.96]
[154.96]
[155.0]
[155.0]
[155.0]
[155.08]
[155.08]
[155.08]
[156.4]
[156.4]
[156.4]
[157.22]
[157.22]
[157.45]
[157.45]
[157.45]
[157.45]
[157.45]
[157.54]
[157.54]
[157.54]
[157.54]
[157.54]
[157.54]
[158.05]
[158.05]
[158.05]
[158.2]
[158.2]
[158.2]
[158.3]
[158.3]
[158.3]
[158.3]
[158.3]
[158.4]
[158.4]
[158.77]
[158.77]
[158.9]
[158.9]
[158.9]
[159.17]
[159.17]
[159.33]
[159.33]
[160.0]
[160.0]
[160.0]
[161.33]
[161.33]
[161.33]
[161.33]
[161.8]
[161.8]
[161.8]
[161.8]
[161.8]
[161.84]
[161.84]
[161.84]
[161.88]
[161.88]
[161.88]
[162.86]
[163.14]
[163.14]
[163.14]
[163.2]
[163.2]
[163.2]
[163.2]
[163.2]
[163.2]
[163.46]
[163.46]
[163.46]
[163.46]
[167.75]
[167.75]
[170.5]
[170.5]
[170.5]
[172.37]
[172.37]
[178.5]
[178.5]
[178.5]
[181.02]
[181.02]
[181.02]
[181.37]
[181.37]
[181.37]
[181.5]
[181.5]
[181.5]
[181.5]
[181.5]
[182.55]
[182.55]
[184.0]
[184.0]
[184.0]
[189.86]
[189.86]
[189.86]
[189.86]
[200.45]
[200.45]
[200.45]
[223.68]
[223.68]
[224.7]
[224.7]
[224.7]
[224.7]
[224.7]
====================================
